Metabolite	SC-M1	SC-M2	SC-M3	SC-M4	SC-M5	SC-M6	NBH-M1	NBH-M2	NBH-M3	NBH-M4	NBH-M5	NBH-M6	SC-F1	SC-F2	SC-F3	SC-F4	SC-F5	SC-F6	NBH-F1	NBH-F2	NBH-F3	NBH-F4	NBH-F5	NBH-F6
Alanine	0.475406474	1.777112256	0.405888411	0.446764255	0.769547083	0.756424864	1.309014408	2.7291658	0.842182198	1.661808507	1.743613961	4.323189414	0.245989612	0.296560175	0.807100184	0.441380005	0.146786696	0.414680764	0.528483816	1.031512681	0.577531721	3.681855885	1.88682963	0.163392311
Aspartate	0.251003369	0.742620746	0.533511036	0.774635509	0.805327551	0.397633763	1.71461841	1.63391689	0.74483514	1.172128435	0.759330098	1.917649155	0.515220281	0.801304683	1.31261489	0.700738989	0.368990115	0.643069702	0.652099129	1.559988973	1.22008357	1.811293672	1.780756013	1.339686755
Choline	0.112142962	0.111164691	0.136911613	0.105709794	0.098796815	0.090345153	0.427031321	0.182967984	0.207083742	0.392454552	0.180298911	0.212401488	0.108110084	0.146685678	0.17041973	0.18839595	0.097122024	0.090968476	0.090096788	0.203607857	0.275379364	0.379877521	0.540055927	0.214818576
Creatine	1.765812216	1.921271034	2.196643848	2.20745486	1.83922287	1.915662512	4.832834445	5.218745902	2.145487521	4.056173914	2.321854797	5.461649891	1.915167531	1.880492171	1.409313725	3.320835116	1.512013332	1.712433165	1.848307251	2.833047762	3.135308798	5.216808146	3.876448865	3.612206903
Glucose	32.74433866	26.88358163	37.41968054	29.05725418	36.43946959	32.7849325	35.29339194	25.99520829	27.76317283	21.8753681	26.3024003	22.73500687	42.09164288	32.89995763	26.98184743	32.28834814	28.01896823	36.41448721	36.39456597	26.17739323	29.23515294	21.74037732	23.65425255	29.02198961
Glutamate	3.844734144	3.517169615	3.648957008	3.533587883	2.652560974	2.901690663	3.62229913	5.106150219	5.447166576	6.549260619	6.886331663	6.379517484	2.818696255	4.310372317	3.911037071	2.875261079	2.790050879	2.884861975	2.502674552	6.576879472	4.993163325	5.776550247	5.015508751	5.784478381
Glutathione	0.377325326	0.371056572	0.371155671	0.421374374	0.32255825	0.533726939	0.246305952	0.26389613	0.192091254	0.299529391	0.158267866	0.30193202	0.207080427	0.495633596	0.467218137	0.386857579	0.312703487	0.408874265	0.3782805	0.314231542	0.279204077	0.320608981	0.414278231	0.576104363
Lactate	6.445818075	3.788228725	5.014438319	5.195648565	4.171361741	5.804819943	2.896367528	2.833124882	2.776213168	3.686342993	2.661903482	3.363215166	4.595723123	6.62818825	6.202129289	4.322705654	4.999209044	4.210195244	4.066326357	1.67991994	2.524788924	3.269329192	3.094525386	3.702691091
Lysine	0.382832869	0.625364838	0.561378001	0.431139713	0.617880621	0.401949614	1.942960043	1.642233617	0.657899532	0.941778741	0.758440953	1.707978133	0.83746145	1.19671825	0.979434743	0.497747804	0.495175169	0.63290833	0.666338202	1.053406952	1.019764206	1.291701228	1.38897327	1.198427268
Maltose	32.98420976	39.6553387	24.25960704	33.70287003	30.14477739	33.85353727	9.674975705	12.21119367	29.49792864	10.9346925	31.19042726	10.03288056	23.3024236	23.969442	31.97189032	21.65630741	40.73459567	30.0568553	26.6870466	22.90637141	18.85774935	9.047938396	7.067360031	17.65222825
O-Phosphocholine	0.237761828	0.185782087	0.37155954	0.283194828	0.257939793	0.182992093	1.304902094	0.435988395	0.649570372	0.613455638	0.567472298	0.556440163	0.226665587	0.33528155	0.34754136	0.505297063	0.191668843	0.275808676	0.243450342	0.557727747	0.523507645	0.92829536	1.827224796	0.351521306
Ornithine	0.385176505	0.433491536	0.320672038	0.366688476	0.355668534	0.288011141	1.513115034	1.418001874	0.411356393	0.709372353	0.566484359	1.21563206	0.551256976	0.642319274	0.694125306	0.592532944	0.404307215	0.292260421	0.411547006	0.922927734	0.863907136	1.109777691	0.821003233	0.655522139
Phenylalanine	0.064332796	0.311667217	0.213242867	0.145015283	0.280903377	0.164865518	0.725931601	0.832632276	0.211040093	0.40965599	0.221891153	1.077815398	0.127434109	0.231417157	0.385837929	0.123472324	0.151937106	0.232259938	0.201111152	0.452067945	0.255299618	0.580037532	0.55614759	0.417919775
Proline	1.000146477	1.408593691	0.750388724	0.758766833	0.898249961	0.906328764	1.894261591	2.022563919	0.818548207	1.095469852	1.152332327	2.107057248	0.720733895	0.98625619	1.461014093	0.982577988	0.547047159	0.79887741	0.562506379	1.172894715	1.458650067	1.949390843	2.291420024	1.41650067
Taurine	12.76308774	11.23829344	14.93750126	14.37213754	11.44013714	9.892794255	23.36140529	26.52012168	21.98783734	36.19276081	18.59637545	27.39821111	13.16775604	15.87394143	12.7489277	23.36931813	11.85624469	12.80381293	15.56343255	24.11649525	27.63164185	34.71812882	36.65188314	23.88326889
Tyrosine	0.333147796	0.470038832	0.444659841	0.382557152	0.377030008	0.315344865	1.116168536	1.026795853	0.390012921	0.568395349	0.364450785	1.120784305	0.385958224	0.439145943	0.67689185	0.427120293	0.207855847	0.319841289	0.431078477	0.601870852	0.60143618	0.776079629	0.490467331	0.45242094
Uracil	0.131009228	0.320296439	0.438197936	0.206781051	0.207206293	0.275639034	0.510792659	0.708841	0.309948869	0.531000918	0.22534894	0.567649443	0.296649893	0.50656669	0.581150429	0.328644405	0.256048973	0.293712046	0.212199987	0.540176874	0.548846371	0.407232233	0.97256043	0.514262652
Valine	0.380372052	0.442120758	0.399022637	0.547103112	0.432569839	0.579474962	1.972395553	1.900052139	0.490587529	0.703576216	0.503849011	2.273040819	0.618368791	0.773060856	0.467218137	0.548915004	0.436681223	0.450487504	0.416839405	0.887294143	0.651635543	1.098747566	0.991771906	0.715410954
sn-Glycero-3-phosphocholine	0.838787169	1.355803152	2.373942368	1.78217435	2.329468687	3.516267882	0.220333444	0.582490732	0.520676619	0.79762321	0.318610404	0.539195116	2.173430511	1.444990593	1.710899203	1.463214139	1.844582688	2.220501778	2.365324204	1.095245398	0.305498982	0.35517004	0.699002153	0.514913617
